25 10 1 0.7 0.3 PRS 0.25
25 10 1 0.7 0.3 PRS 0.5
25 10 1 0.7 0.3 PRS 0.75
25 10 1 0.7 0.3 GS 0.25
25 10 1 0.7 0.3 GS 0.5
25 10 1 0.7 0.3 GS 0.75
25 10 1 0.7 0.3 MxAv 0.25
25 10 1 0.7 0.3 MxAv 0.5
25 10 1 0.7 0.3 MxAv 0.75
25 10 1 0.3 0.7 PRS 0.25
25 10 1 0.3 0.7 PRS 0.5
25 10 1 0.3 0.7 PRS 0.75
25 10 1 0.3 0.7 GS 0.25
25 10 1 0.3 0.7 GS 0.5
25 10 1 0.3 0.7 GS 0.75
25 10 1 0.3 0.7 MxAv 0.25
25 10 1 0.3 0.7 MxAv 0.5
25 10 1 0.3 0.7 MxAv 0.75
25 10 1 0.5 0.5 PRS 0.25
25 10 1 0.5 0.5 PRS 0.5
25 10 1 0.5 0.5 PRS 0.75
25 10 1 0.5 0.5 GS 0.25
25 10 1 0.5 0.5 GS 0.5
25 10 1 0.5 0.5 GS 0.75
25 10 1 0.5 0.5 MxAv 0.25
25 10 1 0.5 0.5 MxAv 0.5
25 10 1 0.5 0.5 MxAv 0.75
25 10 1 0.3 0.3 PRS 0.25
25 10 1 0.3 0.3 PRS 0.5
25 10 1 0.3 0.3 PRS 0.75
25 10 1 0.3 0.3 GS 0.25
25 10 1 0.3 0.3 GS 0.5
25 10 1 0.3 0.3 GS 0.75
25 10 1 0.3 0.3 MxAv 0.25
25 10 1 0.3 0.3 MxAv 0.5
25 10 1 0.3 0.3 MxAv 0.75
25 10 5 0.7 0.3 PRS 0.25
25 10 5 0.7 0.3 PRS 0.5
25 10 5 0.7 0.3 PRS 0.75
25 10 5 0.7 0.3 GS 0.25
25 10 5 0.7 0.3 GS 0.5
25 10 5 0.7 0.3 GS 0.75
25 10 5 0.7 0.3 MxAv 0.25
25 10 5 0.7 0.3 MxAv 0.5
25 10 5 0.7 0.3 MxAv 0.75
25 10 5 0.3 0.7 PRS 0.25
25 10 5 0.3 0.7 PRS 0.5
25 10 5 0.3 0.7 PRS 0.75
25 10 5 0.3 0.7 GS 0.25
25 10 5 0.3 0.7 GS 0.5
25 10 5 0.3 0.7 GS 0.75
25 10 5 0.3 0.7 MxAv 0.25
25 10 5 0.3 0.7 MxAv 0.5
25 10 5 0.3 0.7 MxAv 0.75
25 10 5 0.5 0.5 PRS 0.25
25 10 5 0.5 0.5 PRS 0.5
25 10 5 0.5 0.5 PRS 0.75
25 10 5 0.5 0.5 GS 0.25
25 10 5 0.5 0.5 GS 0.5
25 10 5 0.5 0.5 GS 0.75
25 10 5 0.5 0.5 MxAv 0.25
25 10 5 0.5 0.5 MxAv 0.5
25 10 5 0.5 0.5 MxAv 0.75
25 10 5 0.3 0.3 PRS 0.25
25 10 5 0.3 0.3 PRS 0.5
25 10 5 0.3 0.3 PRS 0.75
25 10 5 0.3 0.3 GS 0.25
25 10 5 0.3 0.3 GS 0.5
25 10 5 0.3 0.3 GS 0.75
25 10 5 0.3 0.3 MxAv 0.25
25 10 5 0.3 0.3 MxAv 0.5
25 10 5 0.3 0.3 MxAv 0.75
25 10 10 0.7 0.3 PRS 0.25
25 10 10 0.7 0.3 PRS 0.5
25 10 10 0.7 0.3 PRS 0.75
25 10 10 0.7 0.3 GS 0.25
25 10 10 0.7 0.3 GS 0.5
25 10 10 0.7 0.3 GS 0.75
25 10 10 0.7 0.3 MxAv 0.25
25 10 10 0.7 0.3 MxAv 0.5
25 10 10 0.7 0.3 MxAv 0.75
25 10 10 0.3 0.7 PRS 0.25
25 10 10 0.3 0.7 PRS 0.5
25 10 10 0.3 0.7 PRS 0.75
25 10 10 0.3 0.7 GS 0.25
25 10 10 0.3 0.7 GS 0.5
25 10 10 0.3 0.7 GS 0.75
25 10 10 0.3 0.7 MxAv 0.25
25 10 10 0.3 0.7 MxAv 0.5
25 10 10 0.3 0.7 MxAv 0.75
25 10 10 0.5 0.5 PRS 0.25
25 10 10 0.5 0.5 PRS 0.5
25 10 10 0.5 0.5 PRS 0.75
25 10 10 0.5 0.5 GS 0.25
25 10 10 0.5 0.5 GS 0.5
25 10 10 0.5 0.5 GS 0.75
25 10 10 0.5 0.5 MxAv 0.25
25 10 10 0.5 0.5 MxAv 0.5
25 10 10 0.5 0.5 MxAv 0.75
25 10 10 0.3 0.3 PRS 0.25
25 10 10 0.3 0.3 PRS 0.5
25 10 10 0.3 0.3 PRS 0.75
25 10 10 0.3 0.3 GS 0.25
25 10 10 0.3 0.3 GS 0.5
25 10 10 0.3 0.3 GS 0.75
25 10 10 0.3 0.3 MxAv 0.25
25 10 10 0.3 0.3 MxAv 0.5
25 10 10 0.3 0.3 MxAv 0.75
25 10 20 0.7 0.3 PRS 0.25
25 10 20 0.7 0.3 PRS 0.5
25 10 20 0.7 0.3 PRS 0.75
25 10 20 0.7 0.3 GS 0.25
25 10 20 0.7 0.3 GS 0.5
25 10 20 0.7 0.3 GS 0.75
25 10 20 0.7 0.3 MxAv 0.25
25 10 20 0.7 0.3 MxAv 0.5
25 10 20 0.7 0.3 MxAv 0.75
25 10 20 0.3 0.7 PRS 0.25
25 10 20 0.3 0.7 PRS 0.5
25 10 20 0.3 0.7 PRS 0.75
25 10 20 0.3 0.7 GS 0.25
25 10 20 0.3 0.7 GS 0.5
25 10 20 0.3 0.7 GS 0.75
25 10 20 0.3 0.7 MxAv 0.25
25 10 20 0.3 0.7 MxAv 0.5
25 10 20 0.3 0.7 MxAv 0.75
25 10 20 0.5 0.5 PRS 0.25
25 10 20 0.5 0.5 PRS 0.5
25 10 20 0.5 0.5 PRS 0.75
25 10 20 0.5 0.5 GS 0.25
25 10 20 0.5 0.5 GS 0.5
25 10 20 0.5 0.5 GS 0.75
25 10 20 0.5 0.5 MxAv 0.25
25 10 20 0.5 0.5 MxAv 0.5
25 10 20 0.5 0.5 MxAv 0.75
25 10 20 0.3 0.3 PRS 0.25
25 10 20 0.3 0.3 PRS 0.5
25 10 20 0.3 0.3 PRS 0.75
25 10 20 0.3 0.3 GS 0.25
25 10 20 0.3 0.3 GS 0.5
25 10 20 0.3 0.3 GS 0.75
25 10 20 0.3 0.3 MxAv 0.25
25 10 20 0.3 0.3 MxAv 0.5
25 10 20 0.3 0.3 MxAv 0.75
25 15 1 0.7 0.3 PRS 0.25
25 15 1 0.7 0.3 PRS 0.5
25 15 1 0.7 0.3 PRS 0.75
25 15 1 0.7 0.3 GS 0.25
25 15 1 0.7 0.3 GS 0.5
25 15 1 0.7 0.3 GS 0.75
25 15 1 0.7 0.3 MxAv 0.25
25 15 1 0.7 0.3 MxAv 0.5
25 15 1 0.7 0.3 MxAv 0.75
25 15 1 0.3 0.7 PRS 0.25
25 15 1 0.3 0.7 PRS 0.5
25 15 1 0.3 0.7 PRS 0.75
25 15 1 0.3 0.7 GS 0.25
25 15 1 0.3 0.7 GS 0.5
25 15 1 0.3 0.7 GS 0.75
25 15 1 0.3 0.7 MxAv 0.25
25 15 1 0.3 0.7 MxAv 0.5
25 15 1 0.3 0.7 MxAv 0.75
25 15 1 0.5 0.5 PRS 0.25
25 15 1 0.5 0.5 PRS 0.5
25 15 1 0.5 0.5 PRS 0.75
25 15 1 0.5 0.5 GS 0.25
25 15 1 0.5 0.5 GS 0.5
25 15 1 0.5 0.5 GS 0.75
25 15 1 0.5 0.5 MxAv 0.25
25 15 1 0.5 0.5 MxAv 0.5
25 15 1 0.5 0.5 MxAv 0.75
25 15 1 0.3 0.3 PRS 0.25
25 15 1 0.3 0.3 PRS 0.5
25 15 1 0.3 0.3 PRS 0.75
25 15 1 0.3 0.3 GS 0.25
25 15 1 0.3 0.3 GS 0.5
25 15 1 0.3 0.3 GS 0.75
25 15 1 0.3 0.3 MxAv 0.25
25 15 1 0.3 0.3 MxAv 0.5
25 15 1 0.3 0.3 MxAv 0.75
25 15 5 0.7 0.3 PRS 0.25
25 15 5 0.7 0.3 PRS 0.5
25 15 5 0.7 0.3 PRS 0.75
25 15 5 0.7 0.3 GS 0.25
25 15 5 0.7 0.3 GS 0.5
25 15 5 0.7 0.3 GS 0.75
25 15 5 0.7 0.3 MxAv 0.25
25 15 5 0.7 0.3 MxAv 0.5
25 15 5 0.7 0.3 MxAv 0.75
25 15 5 0.3 0.7 PRS 0.25
25 15 5 0.3 0.7 PRS 0.5
25 15 5 0.3 0.7 PRS 0.75
25 15 5 0.3 0.7 GS 0.25
25 15 5 0.3 0.7 GS 0.5
25 15 5 0.3 0.7 GS 0.75
25 15 5 0.3 0.7 MxAv 0.25
25 15 5 0.3 0.7 MxAv 0.5
25 15 5 0.3 0.7 MxAv 0.75
25 15 5 0.5 0.5 PRS 0.25
25 15 5 0.5 0.5 PRS 0.5
25 15 5 0.5 0.5 PRS 0.75
25 15 5 0.5 0.5 GS 0.25
25 15 5 0.5 0.5 GS 0.5
25 15 5 0.5 0.5 GS 0.75
25 15 5 0.5 0.5 MxAv 0.25
25 15 5 0.5 0.5 MxAv 0.5
25 15 5 0.5 0.5 MxAv 0.75
25 15 5 0.3 0.3 PRS 0.25
25 15 5 0.3 0.3 PRS 0.5
25 15 5 0.3 0.3 PRS 0.75
25 15 5 0.3 0.3 GS 0.25
25 15 5 0.3 0.3 GS 0.5
25 15 5 0.3 0.3 GS 0.75
25 15 5 0.3 0.3 MxAv 0.25
25 15 5 0.3 0.3 MxAv 0.5
25 15 5 0.3 0.3 MxAv 0.75
25 15 10 0.7 0.3 PRS 0.25
25 15 10 0.7 0.3 PRS 0.5
25 15 10 0.7 0.3 PRS 0.75
25 15 10 0.7 0.3 GS 0.25
25 15 10 0.7 0.3 GS 0.5
25 15 10 0.7 0.3 GS 0.75
25 15 10 0.7 0.3 MxAv 0.25
25 15 10 0.7 0.3 MxAv 0.5
25 15 10 0.7 0.3 MxAv 0.75
25 15 10 0.3 0.7 PRS 0.25
25 15 10 0.3 0.7 PRS 0.5
25 15 10 0.3 0.7 PRS 0.75
25 15 10 0.3 0.7 GS 0.25
25 15 10 0.3 0.7 GS 0.5
25 15 10 0.3 0.7 GS 0.75
25 15 10 0.3 0.7 MxAv 0.25
25 15 10 0.3 0.7 MxAv 0.5
25 15 10 0.3 0.7 MxAv 0.75
25 15 10 0.5 0.5 PRS 0.25
25 15 10 0.5 0.5 PRS 0.5
25 15 10 0.5 0.5 PRS 0.75
25 15 10 0.5 0.5 GS 0.25
25 15 10 0.5 0.5 GS 0.5
25 15 10 0.5 0.5 GS 0.75
25 15 10 0.5 0.5 MxAv 0.25
25 15 10 0.5 0.5 MxAv 0.5
25 15 10 0.5 0.5 MxAv 0.75
25 15 10 0.3 0.3 PRS 0.25
25 15 10 0.3 0.3 PRS 0.5
25 15 10 0.3 0.3 PRS 0.75
25 15 10 0.3 0.3 GS 0.25
25 15 10 0.3 0.3 GS 0.5
25 15 10 0.3 0.3 GS 0.75
25 15 10 0.3 0.3 MxAv 0.25
25 15 10 0.3 0.3 MxAv 0.5
25 15 10 0.3 0.3 MxAv 0.75
25 15 20 0.7 0.3 PRS 0.25
25 15 20 0.7 0.3 PRS 0.5
25 15 20 0.7 0.3 PRS 0.75
25 15 20 0.7 0.3 GS 0.25
25 15 20 0.7 0.3 GS 0.5
25 15 20 0.7 0.3 GS 0.75
25 15 20 0.7 0.3 MxAv 0.25
25 15 20 0.7 0.3 MxAv 0.5
25 15 20 0.7 0.3 MxAv 0.75
25 15 20 0.3 0.7 PRS 0.25
25 15 20 0.3 0.7 PRS 0.5
25 15 20 0.3 0.7 PRS 0.75
25 15 20 0.3 0.7 GS 0.25
25 15 20 0.3 0.7 GS 0.5
25 15 20 0.3 0.7 GS 0.75
25 15 20 0.3 0.7 MxAv 0.25
25 15 20 0.3 0.7 MxAv 0.5
25 15 20 0.3 0.7 MxAv 0.75
25 15 20 0.5 0.5 PRS 0.25
25 15 20 0.5 0.5 PRS 0.5
25 15 20 0.5 0.5 PRS 0.75
25 15 20 0.5 0.5 GS 0.25
25 15 20 0.5 0.5 GS 0.5
25 15 20 0.5 0.5 GS 0.75
25 15 20 0.5 0.5 MxAv 0.25
25 15 20 0.5 0.5 MxAv 0.5
25 15 20 0.5 0.5 MxAv 0.75
25 15 20 0.3 0.3 PRS 0.25
25 15 20 0.3 0.3 PRS 0.5
25 15 20 0.3 0.3 PRS 0.75
25 15 20 0.3 0.3 GS 0.25
25 15 20 0.3 0.3 GS 0.5
25 15 20 0.3 0.3 GS 0.75
25 15 20 0.3 0.3 MxAv 0.25
25 15 20 0.3 0.3 MxAv 0.5
25 15 20 0.3 0.3 MxAv 0.75
25 20 1 0.7 0.3 PRS 0.25
25 20 1 0.7 0.3 PRS 0.5
25 20 1 0.7 0.3 PRS 0.75
25 20 1 0.7 0.3 GS 0.25
25 20 1 0.7 0.3 GS 0.5
25 20 1 0.7 0.3 GS 0.75
25 20 1 0.7 0.3 MxAv 0.25
25 20 1 0.7 0.3 MxAv 0.5
25 20 1 0.7 0.3 MxAv 0.75
25 20 1 0.3 0.7 PRS 0.25
25 20 1 0.3 0.7 PRS 0.5
25 20 1 0.3 0.7 PRS 0.75
25 20 1 0.3 0.7 GS 0.25
25 20 1 0.3 0.7 GS 0.5
25 20 1 0.3 0.7 GS 0.75
25 20 1 0.3 0.7 MxAv 0.25
25 20 1 0.3 0.7 MxAv 0.5
25 20 1 0.3 0.7 MxAv 0.75
25 20 1 0.5 0.5 PRS 0.25
25 20 1 0.5 0.5 PRS 0.5
25 20 1 0.5 0.5 PRS 0.75
25 20 1 0.5 0.5 GS 0.25
25 20 1 0.5 0.5 GS 0.5
25 20 1 0.5 0.5 GS 0.75
25 20 1 0.5 0.5 MxAv 0.25
25 20 1 0.5 0.5 MxAv 0.5
25 20 1 0.5 0.5 MxAv 0.75
25 20 1 0.3 0.3 PRS 0.25
25 20 1 0.3 0.3 PRS 0.5
25 20 1 0.3 0.3 PRS 0.75
25 20 1 0.3 0.3 GS 0.25
25 20 1 0.3 0.3 GS 0.5
25 20 1 0.3 0.3 GS 0.75
25 20 1 0.3 0.3 MxAv 0.25
25 20 1 0.3 0.3 MxAv 0.5
25 20 1 0.3 0.3 MxAv 0.75
25 20 5 0.7 0.3 PRS 0.25
25 20 5 0.7 0.3 PRS 0.5
25 20 5 0.7 0.3 PRS 0.75
25 20 5 0.7 0.3 GS 0.25
25 20 5 0.7 0.3 GS 0.5
25 20 5 0.7 0.3 GS 0.75
25 20 5 0.7 0.3 MxAv 0.25
25 20 5 0.7 0.3 MxAv 0.5
25 20 5 0.7 0.3 MxAv 0.75
25 20 5 0.3 0.7 PRS 0.25
25 20 5 0.3 0.7 PRS 0.5
25 20 5 0.3 0.7 PRS 0.75
25 20 5 0.3 0.7 GS 0.25
25 20 5 0.3 0.7 GS 0.5
25 20 5 0.3 0.7 GS 0.75
25 20 5 0.3 0.7 MxAv 0.25
25 20 5 0.3 0.7 MxAv 0.5
25 20 5 0.3 0.7 MxAv 0.75
25 20 5 0.5 0.5 PRS 0.25
25 20 5 0.5 0.5 PRS 0.5
25 20 5 0.5 0.5 PRS 0.75
25 20 5 0.5 0.5 GS 0.25
25 20 5 0.5 0.5 GS 0.5
25 20 5 0.5 0.5 GS 0.75
25 20 5 0.5 0.5 MxAv 0.25
25 20 5 0.5 0.5 MxAv 0.5
25 20 5 0.5 0.5 MxAv 0.75
25 20 5 0.3 0.3 PRS 0.25
25 20 5 0.3 0.3 PRS 0.5
25 20 5 0.3 0.3 PRS 0.75
25 20 5 0.3 0.3 GS 0.25
25 20 5 0.3 0.3 GS 0.5
25 20 5 0.3 0.3 GS 0.75
25 20 5 0.3 0.3 MxAv 0.25
25 20 5 0.3 0.3 MxAv 0.5
25 20 5 0.3 0.3 MxAv 0.75
25 20 10 0.7 0.3 PRS 0.25
25 20 10 0.7 0.3 PRS 0.5
25 20 10 0.7 0.3 PRS 0.75
25 20 10 0.7 0.3 GS 0.25
25 20 10 0.7 0.3 GS 0.5
25 20 10 0.7 0.3 GS 0.75
25 20 10 0.7 0.3 MxAv 0.25
25 20 10 0.7 0.3 MxAv 0.5
25 20 10 0.7 0.3 MxAv 0.75
25 20 10 0.3 0.7 PRS 0.25
25 20 10 0.3 0.7 PRS 0.5
25 20 10 0.3 0.7 PRS 0.75
25 20 10 0.3 0.7 GS 0.25
25 20 10 0.3 0.7 GS 0.5
25 20 10 0.3 0.7 GS 0.75
25 20 10 0.3 0.7 MxAv 0.25
25 20 10 0.3 0.7 MxAv 0.5
25 20 10 0.3 0.7 MxAv 0.75
25 20 10 0.5 0.5 PRS 0.25
25 20 10 0.5 0.5 PRS 0.5
25 20 10 0.5 0.5 PRS 0.75
25 20 10 0.5 0.5 GS 0.25
25 20 10 0.5 0.5 GS 0.5
25 20 10 0.5 0.5 GS 0.75
25 20 10 0.5 0.5 MxAv 0.25
25 20 10 0.5 0.5 MxAv 0.5
25 20 10 0.5 0.5 MxAv 0.75
25 20 10 0.3 0.3 PRS 0.25
25 20 10 0.3 0.3 PRS 0.5
25 20 10 0.3 0.3 PRS 0.75
25 20 10 0.3 0.3 GS 0.25
25 20 10 0.3 0.3 GS 0.5
25 20 10 0.3 0.3 GS 0.75
25 20 10 0.3 0.3 MxAv 0.25
25 20 10 0.3 0.3 MxAv 0.5
25 20 10 0.3 0.3 MxAv 0.75
25 20 20 0.7 0.3 PRS 0.25
25 20 20 0.7 0.3 PRS 0.5
25 20 20 0.7 0.3 PRS 0.75
25 20 20 0.7 0.3 GS 0.25
25 20 20 0.7 0.3 GS 0.5
25 20 20 0.7 0.3 GS 0.75
25 20 20 0.7 0.3 MxAv 0.25
25 20 20 0.7 0.3 MxAv 0.5
25 20 20 0.7 0.3 MxAv 0.75
25 20 20 0.3 0.7 PRS 0.25
25 20 20 0.3 0.7 PRS 0.5
25 20 20 0.3 0.7 PRS 0.75
25 20 20 0.3 0.7 GS 0.25
25 20 20 0.3 0.7 GS 0.5
25 20 20 0.3 0.7 GS 0.75
25 20 20 0.3 0.7 MxAv 0.25
25 20 20 0.3 0.7 MxAv 0.5
25 20 20 0.3 0.7 MxAv 0.75
25 20 20 0.5 0.5 PRS 0.25
25 20 20 0.5 0.5 PRS 0.5
25 20 20 0.5 0.5 PRS 0.75
25 20 20 0.5 0.5 GS 0.25
25 20 20 0.5 0.5 GS 0.5
25 20 20 0.5 0.5 GS 0.75
25 20 20 0.5 0.5 MxAv 0.25
25 20 20 0.5 0.5 MxAv 0.5
25 20 20 0.5 0.5 MxAv 0.75
25 20 20 0.3 0.3 PRS 0.25
25 20 20 0.3 0.3 PRS 0.5
25 20 20 0.3 0.3 PRS 0.75
25 20 20 0.3 0.3 GS 0.25
25 20 20 0.3 0.3 GS 0.5
25 20 20 0.3 0.3 GS 0.75
25 20 20 0.3 0.3 MxAv 0.25
25 20 20 0.3 0.3 MxAv 0.5
25 20 20 0.3 0.3 MxAv 0.75
25 25 1 0.7 0.3 PRS 0.25
25 25 1 0.7 0.3 PRS 0.5
25 25 1 0.7 0.3 PRS 0.75
25 25 1 0.7 0.3 GS 0.25
25 25 1 0.7 0.3 GS 0.5
25 25 1 0.7 0.3 GS 0.75
25 25 1 0.7 0.3 MxAv 0.25
25 25 1 0.7 0.3 MxAv 0.5
25 25 1 0.7 0.3 MxAv 0.75
25 25 1 0.3 0.7 PRS 0.25
25 25 1 0.3 0.7 PRS 0.5
25 25 1 0.3 0.7 PRS 0.75
25 25 1 0.3 0.7 GS 0.25
25 25 1 0.3 0.7 GS 0.5
25 25 1 0.3 0.7 GS 0.75
25 25 1 0.3 0.7 MxAv 0.25
25 25 1 0.3 0.7 MxAv 0.5
25 25 1 0.3 0.7 MxAv 0.75
25 25 1 0.5 0.5 PRS 0.25
25 25 1 0.5 0.5 PRS 0.5
25 25 1 0.5 0.5 PRS 0.75
25 25 1 0.5 0.5 GS 0.25
25 25 1 0.5 0.5 GS 0.5
25 25 1 0.5 0.5 GS 0.75
25 25 1 0.5 0.5 MxAv 0.25
25 25 1 0.5 0.5 MxAv 0.5
25 25 1 0.5 0.5 MxAv 0.75
25 25 1 0.3 0.3 PRS 0.25
25 25 1 0.3 0.3 PRS 0.5
25 25 1 0.3 0.3 PRS 0.75
25 25 1 0.3 0.3 GS 0.25
25 25 1 0.3 0.3 GS 0.5
25 25 1 0.3 0.3 GS 0.75
25 25 1 0.3 0.3 MxAv 0.25
25 25 1 0.3 0.3 MxAv 0.5
25 25 1 0.3 0.3 MxAv 0.75
25 25 5 0.7 0.3 PRS 0.25
25 25 5 0.7 0.3 PRS 0.5
25 25 5 0.7 0.3 PRS 0.75
25 25 5 0.7 0.3 GS 0.25
25 25 5 0.7 0.3 GS 0.5
25 25 5 0.7 0.3 GS 0.75
25 25 5 0.7 0.3 MxAv 0.25
25 25 5 0.7 0.3 MxAv 0.5
25 25 5 0.7 0.3 MxAv 0.75
25 25 5 0.3 0.7 PRS 0.25
25 25 5 0.3 0.7 PRS 0.5
25 25 5 0.3 0.7 PRS 0.75
25 25 5 0.3 0.7 GS 0.25
25 25 5 0.3 0.7 GS 0.5
25 25 5 0.3 0.7 GS 0.75
25 25 5 0.3 0.7 MxAv 0.25
25 25 5 0.3 0.7 MxAv 0.5
25 25 5 0.3 0.7 MxAv 0.75
25 25 5 0.5 0.5 PRS 0.25
25 25 5 0.5 0.5 PRS 0.5
25 25 5 0.5 0.5 PRS 0.75
25 25 5 0.5 0.5 GS 0.25
25 25 5 0.5 0.5 GS 0.5
25 25 5 0.5 0.5 GS 0.75
25 25 5 0.5 0.5 MxAv 0.25
25 25 5 0.5 0.5 MxAv 0.5
25 25 5 0.5 0.5 MxAv 0.75
25 25 5 0.3 0.3 PRS 0.25
25 25 5 0.3 0.3 PRS 0.5
25 25 5 0.3 0.3 PRS 0.75
25 25 5 0.3 0.3 GS 0.25
25 25 5 0.3 0.3 GS 0.5
25 25 5 0.3 0.3 GS 0.75
25 25 5 0.3 0.3 MxAv 0.25
25 25 5 0.3 0.3 MxAv 0.5
25 25 5 0.3 0.3 MxAv 0.75
25 25 10 0.7 0.3 PRS 0.25
25 25 10 0.7 0.3 PRS 0.5
25 25 10 0.7 0.3 PRS 0.75
25 25 10 0.7 0.3 GS 0.25
25 25 10 0.7 0.3 GS 0.5
25 25 10 0.7 0.3 GS 0.75
25 25 10 0.7 0.3 MxAv 0.25
25 25 10 0.7 0.3 MxAv 0.5
25 25 10 0.7 0.3 MxAv 0.75
25 25 10 0.3 0.7 PRS 0.25
25 25 10 0.3 0.7 PRS 0.5
25 25 10 0.3 0.7 PRS 0.75
25 25 10 0.3 0.7 GS 0.25
25 25 10 0.3 0.7 GS 0.5
25 25 10 0.3 0.7 GS 0.75
25 25 10 0.3 0.7 MxAv 0.25
25 25 10 0.3 0.7 MxAv 0.5
25 25 10 0.3 0.7 MxAv 0.75
25 25 10 0.5 0.5 PRS 0.25
25 25 10 0.5 0.5 PRS 0.5
25 25 10 0.5 0.5 PRS 0.75
25 25 10 0.5 0.5 GS 0.25
25 25 10 0.5 0.5 GS 0.5
25 25 10 0.5 0.5 GS 0.75
25 25 10 0.5 0.5 MxAv 0.25
25 25 10 0.5 0.5 MxAv 0.5
25 25 10 0.5 0.5 MxAv 0.75
25 25 10 0.3 0.3 PRS 0.25
25 25 10 0.3 0.3 PRS 0.5
25 25 10 0.3 0.3 PRS 0.75
25 25 10 0.3 0.3 GS 0.25
25 25 10 0.3 0.3 GS 0.5
25 25 10 0.3 0.3 GS 0.75
25 25 10 0.3 0.3 MxAv 0.25
25 25 10 0.3 0.3 MxAv 0.5
25 25 10 0.3 0.3 MxAv 0.75
25 25 20 0.7 0.3 PRS 0.25
25 25 20 0.7 0.3 PRS 0.5
25 25 20 0.7 0.3 PRS 0.75
25 25 20 0.7 0.3 GS 0.25
25 25 20 0.7 0.3 GS 0.5
25 25 20 0.7 0.3 GS 0.75
25 25 20 0.7 0.3 MxAv 0.25
25 25 20 0.7 0.3 MxAv 0.5
25 25 20 0.7 0.3 MxAv 0.75
25 25 20 0.3 0.7 PRS 0.25
25 25 20 0.3 0.7 PRS 0.5
25 25 20 0.3 0.7 PRS 0.75
25 25 20 0.3 0.7 GS 0.25
25 25 20 0.3 0.7 GS 0.5
25 25 20 0.3 0.7 GS 0.75
25 25 20 0.3 0.7 MxAv 0.25
25 25 20 0.3 0.7 MxAv 0.5
25 25 20 0.3 0.7 MxAv 0.75
25 25 20 0.5 0.5 PRS 0.25
25 25 20 0.5 0.5 PRS 0.5
25 25 20 0.5 0.5 PRS 0.75
25 25 20 0.5 0.5 GS 0.25
25 25 20 0.5 0.5 GS 0.5
25 25 20 0.5 0.5 GS 0.75
25 25 20 0.5 0.5 MxAv 0.25
25 25 20 0.5 0.5 MxAv 0.5
25 25 20 0.5 0.5 MxAv 0.75
25 25 20 0.3 0.3 PRS 0.25
25 25 20 0.3 0.3 PRS 0.5
25 25 20 0.3 0.3 PRS 0.75
25 25 20 0.3 0.3 GS 0.25
25 25 20 0.3 0.3 GS 0.5
25 25 20 0.3 0.3 GS 0.75
25 25 20 0.3 0.3 MxAv 0.25
25 25 20 0.3 0.3 MxAv 0.5
25 25 20 0.3 0.3 MxAv 0.75
50 10 1 0.7 0.3 PRS 0.25
50 10 1 0.7 0.3 PRS 0.5
50 10 1 0.7 0.3 PRS 0.75
50 10 1 0.7 0.3 GS 0.25
50 10 1 0.7 0.3 GS 0.5
50 10 1 0.7 0.3 GS 0.75
50 10 1 0.7 0.3 MxAv 0.25
50 10 1 0.7 0.3 MxAv 0.5
50 10 1 0.7 0.3 MxAv 0.75
50 10 1 0.3 0.7 PRS 0.25
50 10 1 0.3 0.7 PRS 0.5
50 10 1 0.3 0.7 PRS 0.75
50 10 1 0.3 0.7 GS 0.25
50 10 1 0.3 0.7 GS 0.5
50 10 1 0.3 0.7 GS 0.75
50 10 1 0.3 0.7 MxAv 0.25
50 10 1 0.3 0.7 MxAv 0.5
50 10 1 0.3 0.7 MxAv 0.75
50 10 1 0.5 0.5 PRS 0.25
50 10 1 0.5 0.5 PRS 0.5
50 10 1 0.5 0.5 PRS 0.75
50 10 1 0.5 0.5 GS 0.25
50 10 1 0.5 0.5 GS 0.5
50 10 1 0.5 0.5 GS 0.75
50 10 1 0.5 0.5 MxAv 0.25
50 10 1 0.5 0.5 MxAv 0.5
50 10 1 0.5 0.5 MxAv 0.75
50 10 1 0.3 0.3 PRS 0.25
50 10 1 0.3 0.3 PRS 0.5
50 10 1 0.3 0.3 PRS 0.75
50 10 1 0.3 0.3 GS 0.25
50 10 1 0.3 0.3 GS 0.5
50 10 1 0.3 0.3 GS 0.75
50 10 1 0.3 0.3 MxAv 0.25
50 10 1 0.3 0.3 MxAv 0.5
50 10 1 0.3 0.3 MxAv 0.75
50 10 5 0.7 0.3 PRS 0.25
50 10 5 0.7 0.3 PRS 0.5
50 10 5 0.7 0.3 PRS 0.75
50 10 5 0.7 0.3 GS 0.25
50 10 5 0.7 0.3 GS 0.5
50 10 5 0.7 0.3 GS 0.75
50 10 5 0.7 0.3 MxAv 0.25
50 10 5 0.7 0.3 MxAv 0.5
50 10 5 0.7 0.3 MxAv 0.75
50 10 5 0.3 0.7 PRS 0.25
50 10 5 0.3 0.7 PRS 0.5
50 10 5 0.3 0.7 PRS 0.75
50 10 5 0.3 0.7 GS 0.25
50 10 5 0.3 0.7 GS 0.5
50 10 5 0.3 0.7 GS 0.75
50 10 5 0.3 0.7 MxAv 0.25
50 10 5 0.3 0.7 MxAv 0.5
50 10 5 0.3 0.7 MxAv 0.75
50 10 5 0.5 0.5 PRS 0.25
50 10 5 0.5 0.5 PRS 0.5
50 10 5 0.5 0.5 PRS 0.75
50 10 5 0.5 0.5 GS 0.25
50 10 5 0.5 0.5 GS 0.5
50 10 5 0.5 0.5 GS 0.75
50 10 5 0.5 0.5 MxAv 0.25
50 10 5 0.5 0.5 MxAv 0.5
50 10 5 0.5 0.5 MxAv 0.75
50 10 5 0.3 0.3 PRS 0.25
50 10 5 0.3 0.3 PRS 0.5
50 10 5 0.3 0.3 PRS 0.75
50 10 5 0.3 0.3 GS 0.25
50 10 5 0.3 0.3 GS 0.5
50 10 5 0.3 0.3 GS 0.75
50 10 5 0.3 0.3 MxAv 0.25
50 10 5 0.3 0.3 MxAv 0.5
50 10 5 0.3 0.3 MxAv 0.75
50 10 10 0.7 0.3 PRS 0.25
50 10 10 0.7 0.3 PRS 0.5
50 10 10 0.7 0.3 PRS 0.75
50 10 10 0.7 0.3 GS 0.25
50 10 10 0.7 0.3 GS 0.5
50 10 10 0.7 0.3 GS 0.75
50 10 10 0.7 0.3 MxAv 0.25
50 10 10 0.7 0.3 MxAv 0.5
50 10 10 0.7 0.3 MxAv 0.75
50 10 10 0.3 0.7 PRS 0.25
50 10 10 0.3 0.7 PRS 0.5
50 10 10 0.3 0.7 PRS 0.75
50 10 10 0.3 0.7 GS 0.25
50 10 10 0.3 0.7 GS 0.5
50 10 10 0.3 0.7 GS 0.75
50 10 10 0.3 0.7 MxAv 0.25
50 10 10 0.3 0.7 MxAv 0.5
50 10 10 0.3 0.7 MxAv 0.75
50 10 10 0.5 0.5 PRS 0.25
50 10 10 0.5 0.5 PRS 0.5
50 10 10 0.5 0.5 PRS 0.75
50 10 10 0.5 0.5 GS 0.25
50 10 10 0.5 0.5 GS 0.5
50 10 10 0.5 0.5 GS 0.75
50 10 10 0.5 0.5 MxAv 0.25
50 10 10 0.5 0.5 MxAv 0.5
50 10 10 0.5 0.5 MxAv 0.75
50 10 10 0.3 0.3 PRS 0.25
50 10 10 0.3 0.3 PRS 0.5
50 10 10 0.3 0.3 PRS 0.75
50 10 10 0.3 0.3 GS 0.25
50 10 10 0.3 0.3 GS 0.5
50 10 10 0.3 0.3 GS 0.75
50 10 10 0.3 0.3 MxAv 0.25
50 10 10 0.3 0.3 MxAv 0.5
50 10 10 0.3 0.3 MxAv 0.75
50 10 20 0.7 0.3 PRS 0.25
50 10 20 0.7 0.3 PRS 0.5
50 10 20 0.7 0.3 PRS 0.75
50 10 20 0.7 0.3 GS 0.25
50 10 20 0.7 0.3 GS 0.5
50 10 20 0.7 0.3 GS 0.75
50 10 20 0.7 0.3 MxAv 0.25
50 10 20 0.7 0.3 MxAv 0.5
50 10 20 0.7 0.3 MxAv 0.75
50 10 20 0.3 0.7 PRS 0.25
50 10 20 0.3 0.7 PRS 0.5
50 10 20 0.3 0.7 PRS 0.75
50 10 20 0.3 0.7 GS 0.25
50 10 20 0.3 0.7 GS 0.5
50 10 20 0.3 0.7 GS 0.75
50 10 20 0.3 0.7 MxAv 0.25
50 10 20 0.3 0.7 MxAv 0.5
50 10 20 0.3 0.7 MxAv 0.75
50 10 20 0.5 0.5 PRS 0.25
50 10 20 0.5 0.5 PRS 0.5
50 10 20 0.5 0.5 PRS 0.75
50 10 20 0.5 0.5 GS 0.25
50 10 20 0.5 0.5 GS 0.5
50 10 20 0.5 0.5 GS 0.75
50 10 20 0.5 0.5 MxAv 0.25
50 10 20 0.5 0.5 MxAv 0.5
50 10 20 0.5 0.5 MxAv 0.75
50 10 20 0.3 0.3 PRS 0.25
50 10 20 0.3 0.3 PRS 0.5
50 10 20 0.3 0.3 PRS 0.75
50 10 20 0.3 0.3 GS 0.25
50 10 20 0.3 0.3 GS 0.5
50 10 20 0.3 0.3 GS 0.75
50 10 20 0.3 0.3 MxAv 0.25
50 10 20 0.3 0.3 MxAv 0.5
50 10 20 0.3 0.3 MxAv 0.75
50 15 1 0.7 0.3 PRS 0.25
50 15 1 0.7 0.3 PRS 0.5
50 15 1 0.7 0.3 PRS 0.75
50 15 1 0.7 0.3 GS 0.25
50 15 1 0.7 0.3 GS 0.5
50 15 1 0.7 0.3 GS 0.75
50 15 1 0.7 0.3 MxAv 0.25
50 15 1 0.7 0.3 MxAv 0.5
50 15 1 0.7 0.3 MxAv 0.75
50 15 1 0.3 0.7 PRS 0.25
50 15 1 0.3 0.7 PRS 0.5
50 15 1 0.3 0.7 PRS 0.75
50 15 1 0.3 0.7 GS 0.25
50 15 1 0.3 0.7 GS 0.5
50 15 1 0.3 0.7 GS 0.75
50 15 1 0.3 0.7 MxAv 0.25
50 15 1 0.3 0.7 MxAv 0.5
50 15 1 0.3 0.7 MxAv 0.75
50 15 1 0.5 0.5 PRS 0.25
50 15 1 0.5 0.5 PRS 0.5
50 15 1 0.5 0.5 PRS 0.75
50 15 1 0.5 0.5 GS 0.25
50 15 1 0.5 0.5 GS 0.5
50 15 1 0.5 0.5 GS 0.75
50 15 1 0.5 0.5 MxAv 0.25
50 15 1 0.5 0.5 MxAv 0.5
50 15 1 0.5 0.5 MxAv 0.75
50 15 1 0.3 0.3 PRS 0.25
50 15 1 0.3 0.3 PRS 0.5
50 15 1 0.3 0.3 PRS 0.75
50 15 1 0.3 0.3 GS 0.25
50 15 1 0.3 0.3 GS 0.5
50 15 1 0.3 0.3 GS 0.75
50 15 1 0.3 0.3 MxAv 0.25
50 15 1 0.3 0.3 MxAv 0.5
50 15 1 0.3 0.3 MxAv 0.75
50 15 5 0.7 0.3 PRS 0.25
50 15 5 0.7 0.3 PRS 0.5
50 15 5 0.7 0.3 PRS 0.75
50 15 5 0.7 0.3 GS 0.25
50 15 5 0.7 0.3 GS 0.5
50 15 5 0.7 0.3 GS 0.75
50 15 5 0.7 0.3 MxAv 0.25
50 15 5 0.7 0.3 MxAv 0.5
50 15 5 0.7 0.3 MxAv 0.75
50 15 5 0.3 0.7 PRS 0.25
50 15 5 0.3 0.7 PRS 0.5
50 15 5 0.3 0.7 PRS 0.75
50 15 5 0.3 0.7 GS 0.25
50 15 5 0.3 0.7 GS 0.5
50 15 5 0.3 0.7 GS 0.75
50 15 5 0.3 0.7 MxAv 0.25
50 15 5 0.3 0.7 MxAv 0.5
50 15 5 0.3 0.7 MxAv 0.75
50 15 5 0.5 0.5 PRS 0.25
50 15 5 0.5 0.5 PRS 0.5
50 15 5 0.5 0.5 PRS 0.75
50 15 5 0.5 0.5 GS 0.25
50 15 5 0.5 0.5 GS 0.5
50 15 5 0.5 0.5 GS 0.75
50 15 5 0.5 0.5 MxAv 0.25
50 15 5 0.5 0.5 MxAv 0.5
50 15 5 0.5 0.5 MxAv 0.75
50 15 5 0.3 0.3 PRS 0.25
50 15 5 0.3 0.3 PRS 0.5
50 15 5 0.3 0.3 PRS 0.75
50 15 5 0.3 0.3 GS 0.25
50 15 5 0.3 0.3 GS 0.5
50 15 5 0.3 0.3 GS 0.75
50 15 5 0.3 0.3 MxAv 0.25
50 15 5 0.3 0.3 MxAv 0.5
50 15 5 0.3 0.3 MxAv 0.75
50 15 10 0.7 0.3 PRS 0.25
50 15 10 0.7 0.3 PRS 0.5
50 15 10 0.7 0.3 PRS 0.75
50 15 10 0.7 0.3 GS 0.25
50 15 10 0.7 0.3 GS 0.5
50 15 10 0.7 0.3 GS 0.75
50 15 10 0.7 0.3 MxAv 0.25
50 15 10 0.7 0.3 MxAv 0.5
50 15 10 0.7 0.3 MxAv 0.75
50 15 10 0.3 0.7 PRS 0.25
50 15 10 0.3 0.7 PRS 0.5
50 15 10 0.3 0.7 PRS 0.75
50 15 10 0.3 0.7 GS 0.25
50 15 10 0.3 0.7 GS 0.5
50 15 10 0.3 0.7 GS 0.75
50 15 10 0.3 0.7 MxAv 0.25
50 15 10 0.3 0.7 MxAv 0.5
50 15 10 0.3 0.7 MxAv 0.75
50 15 10 0.5 0.5 PRS 0.25
50 15 10 0.5 0.5 PRS 0.5
50 15 10 0.5 0.5 PRS 0.75
50 15 10 0.5 0.5 GS 0.25
50 15 10 0.5 0.5 GS 0.5
50 15 10 0.5 0.5 GS 0.75
50 15 10 0.5 0.5 MxAv 0.25
50 15 10 0.5 0.5 MxAv 0.5
50 15 10 0.5 0.5 MxAv 0.75
50 15 10 0.3 0.3 PRS 0.25
50 15 10 0.3 0.3 PRS 0.5
50 15 10 0.3 0.3 PRS 0.75
50 15 10 0.3 0.3 GS 0.25
50 15 10 0.3 0.3 GS 0.5
50 15 10 0.3 0.3 GS 0.75
50 15 10 0.3 0.3 MxAv 0.25
50 15 10 0.3 0.3 MxAv 0.5
50 15 10 0.3 0.3 MxAv 0.75
50 15 20 0.7 0.3 PRS 0.25
50 15 20 0.7 0.3 PRS 0.5
50 15 20 0.7 0.3 PRS 0.75
50 15 20 0.7 0.3 GS 0.25
50 15 20 0.7 0.3 GS 0.5
50 15 20 0.7 0.3 GS 0.75
50 15 20 0.7 0.3 MxAv 0.25
50 15 20 0.7 0.3 MxAv 0.5
50 15 20 0.7 0.3 MxAv 0.75
50 15 20 0.3 0.7 PRS 0.25
50 15 20 0.3 0.7 PRS 0.5
50 15 20 0.3 0.7 PRS 0.75
50 15 20 0.3 0.7 GS 0.25
50 15 20 0.3 0.7 GS 0.5
50 15 20 0.3 0.7 GS 0.75
50 15 20 0.3 0.7 MxAv 0.25
50 15 20 0.3 0.7 MxAv 0.5
50 15 20 0.3 0.7 MxAv 0.75
50 15 20 0.5 0.5 PRS 0.25
50 15 20 0.5 0.5 PRS 0.5
50 15 20 0.5 0.5 PRS 0.75
50 15 20 0.5 0.5 GS 0.25
50 15 20 0.5 0.5 GS 0.5
50 15 20 0.5 0.5 GS 0.75
50 15 20 0.5 0.5 MxAv 0.25
50 15 20 0.5 0.5 MxAv 0.5
50 15 20 0.5 0.5 MxAv 0.75
50 15 20 0.3 0.3 PRS 0.25
50 15 20 0.3 0.3 PRS 0.5
50 15 20 0.3 0.3 PRS 0.75
50 15 20 0.3 0.3 GS 0.25
50 15 20 0.3 0.3 GS 0.5
50 15 20 0.3 0.3 GS 0.75
50 15 20 0.3 0.3 MxAv 0.25
50 15 20 0.3 0.3 MxAv 0.5
50 15 20 0.3 0.3 MxAv 0.75
50 20 1 0.7 0.3 PRS 0.25
50 20 1 0.7 0.3 PRS 0.5
50 20 1 0.7 0.3 PRS 0.75
50 20 1 0.7 0.3 GS 0.25
50 20 1 0.7 0.3 GS 0.5
50 20 1 0.7 0.3 GS 0.75
50 20 1 0.7 0.3 MxAv 0.25
50 20 1 0.7 0.3 MxAv 0.5
50 20 1 0.7 0.3 MxAv 0.75
50 20 1 0.3 0.7 PRS 0.25
50 20 1 0.3 0.7 PRS 0.5
50 20 1 0.3 0.7 PRS 0.75
50 20 1 0.3 0.7 GS 0.25
50 20 1 0.3 0.7 GS 0.5
50 20 1 0.3 0.7 GS 0.75
50 20 1 0.3 0.7 MxAv 0.25
50 20 1 0.3 0.7 MxAv 0.5
50 20 1 0.3 0.7 MxAv 0.75
50 20 1 0.5 0.5 PRS 0.25
50 20 1 0.5 0.5 PRS 0.5
50 20 1 0.5 0.5 PRS 0.75
50 20 1 0.5 0.5 GS 0.25
50 20 1 0.5 0.5 GS 0.5
50 20 1 0.5 0.5 GS 0.75
50 20 1 0.5 0.5 MxAv 0.25
50 20 1 0.5 0.5 MxAv 0.5
50 20 1 0.5 0.5 MxAv 0.75
50 20 1 0.3 0.3 PRS 0.25
50 20 1 0.3 0.3 PRS 0.5
50 20 1 0.3 0.3 PRS 0.75
50 20 1 0.3 0.3 GS 0.25
50 20 1 0.3 0.3 GS 0.5
50 20 1 0.3 0.3 GS 0.75
50 20 1 0.3 0.3 MxAv 0.25
50 20 1 0.3 0.3 MxAv 0.5
50 20 1 0.3 0.3 MxAv 0.75
50 20 5 0.7 0.3 PRS 0.25
50 20 5 0.7 0.3 PRS 0.5
50 20 5 0.7 0.3 PRS 0.75
50 20 5 0.7 0.3 GS 0.25
50 20 5 0.7 0.3 GS 0.5
50 20 5 0.7 0.3 GS 0.75
50 20 5 0.7 0.3 MxAv 0.25
50 20 5 0.7 0.3 MxAv 0.5
50 20 5 0.7 0.3 MxAv 0.75
50 20 5 0.3 0.7 PRS 0.25
50 20 5 0.3 0.7 PRS 0.5
50 20 5 0.3 0.7 PRS 0.75
50 20 5 0.3 0.7 GS 0.25
50 20 5 0.3 0.7 GS 0.5
50 20 5 0.3 0.7 GS 0.75
50 20 5 0.3 0.7 MxAv 0.25
50 20 5 0.3 0.7 MxAv 0.5
50 20 5 0.3 0.7 MxAv 0.75
50 20 5 0.5 0.5 PRS 0.25
50 20 5 0.5 0.5 PRS 0.5
50 20 5 0.5 0.5 PRS 0.75
50 20 5 0.5 0.5 GS 0.25
50 20 5 0.5 0.5 GS 0.5
50 20 5 0.5 0.5 GS 0.75
50 20 5 0.5 0.5 MxAv 0.25
50 20 5 0.5 0.5 MxAv 0.5
50 20 5 0.5 0.5 MxAv 0.75
50 20 5 0.3 0.3 PRS 0.25
50 20 5 0.3 0.3 PRS 0.5
50 20 5 0.3 0.3 PRS 0.75
50 20 5 0.3 0.3 GS 0.25
50 20 5 0.3 0.3 GS 0.5
50 20 5 0.3 0.3 GS 0.75
50 20 5 0.3 0.3 MxAv 0.25
50 20 5 0.3 0.3 MxAv 0.5
50 20 5 0.3 0.3 MxAv 0.75
50 20 10 0.7 0.3 PRS 0.25
50 20 10 0.7 0.3 PRS 0.5
50 20 10 0.7 0.3 PRS 0.75
50 20 10 0.7 0.3 GS 0.25
50 20 10 0.7 0.3 GS 0.5
50 20 10 0.7 0.3 GS 0.75
50 20 10 0.7 0.3 MxAv 0.25
50 20 10 0.7 0.3 MxAv 0.5
50 20 10 0.7 0.3 MxAv 0.75
50 20 10 0.3 0.7 PRS 0.25
50 20 10 0.3 0.7 PRS 0.5
50 20 10 0.3 0.7 PRS 0.75
50 20 10 0.3 0.7 GS 0.25
50 20 10 0.3 0.7 GS 0.5
50 20 10 0.3 0.7 GS 0.75
50 20 10 0.3 0.7 MxAv 0.25
50 20 10 0.3 0.7 MxAv 0.5
50 20 10 0.3 0.7 MxAv 0.75
50 20 10 0.5 0.5 PRS 0.25
50 20 10 0.5 0.5 PRS 0.5
50 20 10 0.5 0.5 PRS 0.75
50 20 10 0.5 0.5 GS 0.25
50 20 10 0.5 0.5 GS 0.5
50 20 10 0.5 0.5 GS 0.75
50 20 10 0.5 0.5 MxAv 0.25
50 20 10 0.5 0.5 MxAv 0.5
50 20 10 0.5 0.5 MxAv 0.75
50 20 10 0.3 0.3 PRS 0.25
50 20 10 0.3 0.3 PRS 0.5
50 20 10 0.3 0.3 PRS 0.75
50 20 10 0.3 0.3 GS 0.25
50 20 10 0.3 0.3 GS 0.5
50 20 10 0.3 0.3 GS 0.75
50 20 10 0.3 0.3 MxAv 0.25
50 20 10 0.3 0.3 MxAv 0.5
50 20 10 0.3 0.3 MxAv 0.75
50 20 20 0.7 0.3 PRS 0.25
50 20 20 0.7 0.3 PRS 0.5
50 20 20 0.7 0.3 PRS 0.75
50 20 20 0.7 0.3 GS 0.25
50 20 20 0.7 0.3 GS 0.5
50 20 20 0.7 0.3 GS 0.75
50 20 20 0.7 0.3 MxAv 0.25
50 20 20 0.7 0.3 MxAv 0.5
50 20 20 0.7 0.3 MxAv 0.75
50 20 20 0.3 0.7 PRS 0.25
50 20 20 0.3 0.7 PRS 0.5
50 20 20 0.3 0.7 PRS 0.75
50 20 20 0.3 0.7 GS 0.25
50 20 20 0.3 0.7 GS 0.5
50 20 20 0.3 0.7 GS 0.75
50 20 20 0.3 0.7 MxAv 0.25
50 20 20 0.3 0.7 MxAv 0.5
50 20 20 0.3 0.7 MxAv 0.75
50 20 20 0.5 0.5 PRS 0.25
50 20 20 0.5 0.5 PRS 0.5
50 20 20 0.5 0.5 PRS 0.75
50 20 20 0.5 0.5 GS 0.25
50 20 20 0.5 0.5 GS 0.5
50 20 20 0.5 0.5 GS 0.75
50 20 20 0.5 0.5 MxAv 0.25
50 20 20 0.5 0.5 MxAv 0.5
50 20 20 0.5 0.5 MxAv 0.75
50 20 20 0.3 0.3 PRS 0.25
50 20 20 0.3 0.3 PRS 0.5
50 20 20 0.3 0.3 PRS 0.75
50 20 20 0.3 0.3 GS 0.25
50 20 20 0.3 0.3 GS 0.5
50 20 20 0.3 0.3 GS 0.75
50 20 20 0.3 0.3 MxAv 0.25
50 20 20 0.3 0.3 MxAv 0.5
50 20 20 0.3 0.3 MxAv 0.75
50 25 1 0.7 0.3 PRS 0.25
50 25 1 0.7 0.3 PRS 0.5
50 25 1 0.7 0.3 PRS 0.75
50 25 1 0.7 0.3 GS 0.25
50 25 1 0.7 0.3 GS 0.5
50 25 1 0.7 0.3 GS 0.75
50 25 1 0.7 0.3 MxAv 0.25
50 25 1 0.7 0.3 MxAv 0.5
50 25 1 0.7 0.3 MxAv 0.75
50 25 1 0.3 0.7 PRS 0.25
50 25 1 0.3 0.7 PRS 0.5
50 25 1 0.3 0.7 PRS 0.75
50 25 1 0.3 0.7 GS 0.25
50 25 1 0.3 0.7 GS 0.5
50 25 1 0.3 0.7 GS 0.75
50 25 1 0.3 0.7 MxAv 0.25
50 25 1 0.3 0.7 MxAv 0.5
50 25 1 0.3 0.7 MxAv 0.75
50 25 1 0.5 0.5 PRS 0.25
50 25 1 0.5 0.5 PRS 0.5
50 25 1 0.5 0.5 PRS 0.75
50 25 1 0.5 0.5 GS 0.25
50 25 1 0.5 0.5 GS 0.5
50 25 1 0.5 0.5 GS 0.75
50 25 1 0.5 0.5 MxAv 0.25
50 25 1 0.5 0.5 MxAv 0.5
50 25 1 0.5 0.5 MxAv 0.75
50 25 1 0.3 0.3 PRS 0.25
50 25 1 0.3 0.3 PRS 0.5
50 25 1 0.3 0.3 PRS 0.75
50 25 1 0.3 0.3 GS 0.25
50 25 1 0.3 0.3 GS 0.5
50 25 1 0.3 0.3 GS 0.75
50 25 1 0.3 0.3 MxAv 0.25
50 25 1 0.3 0.3 MxAv 0.5
50 25 1 0.3 0.3 MxAv 0.75
50 25 5 0.7 0.3 PRS 0.25
50 25 5 0.7 0.3 PRS 0.5
50 25 5 0.7 0.3 PRS 0.75
50 25 5 0.7 0.3 GS 0.25
50 25 5 0.7 0.3 GS 0.5
50 25 5 0.7 0.3 GS 0.75
50 25 5 0.7 0.3 MxAv 0.25
50 25 5 0.7 0.3 MxAv 0.5
50 25 5 0.7 0.3 MxAv 0.75
50 25 5 0.3 0.7 PRS 0.25
50 25 5 0.3 0.7 PRS 0.5
50 25 5 0.3 0.7 PRS 0.75
50 25 5 0.3 0.7 GS 0.25
50 25 5 0.3 0.7 GS 0.5
50 25 5 0.3 0.7 GS 0.75
50 25 5 0.3 0.7 MxAv 0.25
50 25 5 0.3 0.7 MxAv 0.5
50 25 5 0.3 0.7 MxAv 0.75
50 25 5 0.5 0.5 PRS 0.25
50 25 5 0.5 0.5 PRS 0.5
50 25 5 0.5 0.5 PRS 0.75
50 25 5 0.5 0.5 GS 0.25
50 25 5 0.5 0.5 GS 0.5
50 25 5 0.5 0.5 GS 0.75
50 25 5 0.5 0.5 MxAv 0.25
50 25 5 0.5 0.5 MxAv 0.5
50 25 5 0.5 0.5 MxAv 0.75
50 25 5 0.3 0.3 PRS 0.25
50 25 5 0.3 0.3 PRS 0.5
50 25 5 0.3 0.3 PRS 0.75
50 25 5 0.3 0.3 GS 0.25
50 25 5 0.3 0.3 GS 0.5
50 25 5 0.3 0.3 GS 0.75
50 25 5 0.3 0.3 MxAv 0.25
50 25 5 0.3 0.3 MxAv 0.5
50 25 5 0.3 0.3 MxAv 0.75
50 25 10 0.7 0.3 PRS 0.25
50 25 10 0.7 0.3 PRS 0.5
50 25 10 0.7 0.3 PRS 0.75
50 25 10 0.7 0.3 GS 0.25
50 25 10 0.7 0.3 GS 0.5
50 25 10 0.7 0.3 GS 0.75
50 25 10 0.7 0.3 MxAv 0.25
50 25 10 0.7 0.3 MxAv 0.5
50 25 10 0.7 0.3 MxAv 0.75
50 25 10 0.3 0.7 PRS 0.25
50 25 10 0.3 0.7 PRS 0.5
50 25 10 0.3 0.7 PRS 0.75
50 25 10 0.3 0.7 GS 0.25
50 25 10 0.3 0.7 GS 0.5
50 25 10 0.3 0.7 GS 0.75
50 25 10 0.3 0.7 MxAv 0.25
50 25 10 0.3 0.7 MxAv 0.5
50 25 10 0.3 0.7 MxAv 0.75
50 25 10 0.5 0.5 PRS 0.25
50 25 10 0.5 0.5 PRS 0.5
50 25 10 0.5 0.5 PRS 0.75
50 25 10 0.5 0.5 GS 0.25
50 25 10 0.5 0.5 GS 0.5
50 25 10 0.5 0.5 GS 0.75
50 25 10 0.5 0.5 MxAv 0.25
50 25 10 0.5 0.5 MxAv 0.5
50 25 10 0.5 0.5 MxAv 0.75
50 25 10 0.3 0.3 PRS 0.25
50 25 10 0.3 0.3 PRS 0.5
50 25 10 0.3 0.3 PRS 0.75
50 25 10 0.3 0.3 GS 0.25
50 25 10 0.3 0.3 GS 0.5
50 25 10 0.3 0.3 GS 0.75
50 25 10 0.3 0.3 MxAv 0.25
50 25 10 0.3 0.3 MxAv 0.5
50 25 10 0.3 0.3 MxAv 0.75
50 25 20 0.7 0.3 PRS 0.25
50 25 20 0.7 0.3 PRS 0.5
50 25 20 0.7 0.3 PRS 0.75
50 25 20 0.7 0.3 GS 0.25
50 25 20 0.7 0.3 GS 0.5
50 25 20 0.7 0.3 GS 0.75
50 25 20 0.7 0.3 MxAv 0.25
50 25 20 0.7 0.3 MxAv 0.5
50 25 20 0.7 0.3 MxAv 0.75
50 25 20 0.3 0.7 PRS 0.25
50 25 20 0.3 0.7 PRS 0.5
50 25 20 0.3 0.7 PRS 0.75
50 25 20 0.3 0.7 GS 0.25
50 25 20 0.3 0.7 GS 0.5
50 25 20 0.3 0.7 GS 0.75
50 25 20 0.3 0.7 MxAv 0.25
50 25 20 0.3 0.7 MxAv 0.5
50 25 20 0.3 0.7 MxAv 0.75
50 25 20 0.5 0.5 PRS 0.25
50 25 20 0.5 0.5 PRS 0.5
50 25 20 0.5 0.5 PRS 0.75
50 25 20 0.5 0.5 GS 0.25
50 25 20 0.5 0.5 GS 0.5
50 25 20 0.5 0.5 GS 0.75
50 25 20 0.5 0.5 MxAv 0.25
50 25 20 0.5 0.5 MxAv 0.5
50 25 20 0.5 0.5 MxAv 0.75
50 25 20 0.3 0.3 PRS 0.25
50 25 20 0.3 0.3 PRS 0.5
50 25 20 0.3 0.3 PRS 0.75
50 25 20 0.3 0.3 GS 0.25
50 25 20 0.3 0.3 GS 0.5
50 25 20 0.3 0.3 GS 0.75
50 25 20 0.3 0.3 MxAv 0.25
50 25 20 0.3 0.3 MxAv 0.5
50 25 20 0.3 0.3 MxAv 0.75
100 10 1 0.7 0.3 PRS 0.25
100 10 1 0.7 0.3 PRS 0.5
100 10 1 0.7 0.3 PRS 0.75
100 10 1 0.7 0.3 GS 0.25
100 10 1 0.7 0.3 GS 0.5
100 10 1 0.7 0.3 GS 0.75
100 10 1 0.7 0.3 MxAv 0.25
100 10 1 0.7 0.3 MxAv 0.5
100 10 1 0.7 0.3 MxAv 0.75
100 10 1 0.3 0.7 PRS 0.25
100 10 1 0.3 0.7 PRS 0.5
100 10 1 0.3 0.7 PRS 0.75
100 10 1 0.3 0.7 GS 0.25
100 10 1 0.3 0.7 GS 0.5
100 10 1 0.3 0.7 GS 0.75
100 10 1 0.3 0.7 MxAv 0.25
100 10 1 0.3 0.7 MxAv 0.5
100 10 1 0.3 0.7 MxAv 0.75
100 10 1 0.5 0.5 PRS 0.25
100 10 1 0.5 0.5 PRS 0.5
100 10 1 0.5 0.5 PRS 0.75
100 10 1 0.5 0.5 GS 0.25
100 10 1 0.5 0.5 GS 0.5
100 10 1 0.5 0.5 GS 0.75
100 10 1 0.5 0.5 MxAv 0.25
100 10 1 0.5 0.5 MxAv 0.5
100 10 1 0.5 0.5 MxAv 0.75
100 10 1 0.3 0.3 PRS 0.25
100 10 1 0.3 0.3 PRS 0.5
100 10 1 0.3 0.3 PRS 0.75
100 10 1 0.3 0.3 GS 0.25
100 10 1 0.3 0.3 GS 0.5
100 10 1 0.3 0.3 GS 0.75
100 10 1 0.3 0.3 MxAv 0.25
100 10 1 0.3 0.3 MxAv 0.5
100 10 1 0.3 0.3 MxAv 0.75
100 10 5 0.7 0.3 PRS 0.25
100 10 5 0.7 0.3 PRS 0.5
100 10 5 0.7 0.3 PRS 0.75
100 10 5 0.7 0.3 GS 0.25
100 10 5 0.7 0.3 GS 0.5
100 10 5 0.7 0.3 GS 0.75
100 10 5 0.7 0.3 MxAv 0.25
100 10 5 0.7 0.3 MxAv 0.5
100 10 5 0.7 0.3 MxAv 0.75
100 10 5 0.3 0.7 PRS 0.25
100 10 5 0.3 0.7 PRS 0.5
100 10 5 0.3 0.7 PRS 0.75
100 10 5 0.3 0.7 GS 0.25
100 10 5 0.3 0.7 GS 0.5
100 10 5 0.3 0.7 GS 0.75
100 10 5 0.3 0.7 MxAv 0.25
100 10 5 0.3 0.7 MxAv 0.5
100 10 5 0.3 0.7 MxAv 0.75
100 10 5 0.5 0.5 PRS 0.25
100 10 5 0.5 0.5 PRS 0.5
100 10 5 0.5 0.5 PRS 0.75
100 10 5 0.5 0.5 GS 0.25
100 10 5 0.5 0.5 GS 0.5
100 10 5 0.5 0.5 GS 0.75
100 10 5 0.5 0.5 MxAv 0.25
100 10 5 0.5 0.5 MxAv 0.5
100 10 5 0.5 0.5 MxAv 0.75
100 10 5 0.3 0.3 PRS 0.25
100 10 5 0.3 0.3 PRS 0.5
100 10 5 0.3 0.3 PRS 0.75
100 10 5 0.3 0.3 GS 0.25
100 10 5 0.3 0.3 GS 0.5
100 10 5 0.3 0.3 GS 0.75
100 10 5 0.3 0.3 MxAv 0.25
100 10 5 0.3 0.3 MxAv 0.5
100 10 5 0.3 0.3 MxAv 0.75
100 10 10 0.7 0.3 PRS 0.25
100 10 10 0.7 0.3 PRS 0.5
100 10 10 0.7 0.3 PRS 0.75
100 10 10 0.7 0.3 GS 0.25
100 10 10 0.7 0.3 GS 0.5
100 10 10 0.7 0.3 GS 0.75
100 10 10 0.7 0.3 MxAv 0.25
100 10 10 0.7 0.3 MxAv 0.5
100 10 10 0.7 0.3 MxAv 0.75
100 10 10 0.3 0.7 PRS 0.25
100 10 10 0.3 0.7 PRS 0.5
100 10 10 0.3 0.7 PRS 0.75
100 10 10 0.3 0.7 GS 0.25
100 10 10 0.3 0.7 GS 0.5
100 10 10 0.3 0.7 GS 0.75
100 10 10 0.3 0.7 MxAv 0.25
100 10 10 0.3 0.7 MxAv 0.5
100 10 10 0.3 0.7 MxAv 0.75
100 10 10 0.5 0.5 PRS 0.25
100 10 10 0.5 0.5 PRS 0.5
100 10 10 0.5 0.5 PRS 0.75
100 10 10 0.5 0.5 GS 0.25
100 10 10 0.5 0.5 GS 0.5
100 10 10 0.5 0.5 GS 0.75
100 10 10 0.5 0.5 MxAv 0.25
100 10 10 0.5 0.5 MxAv 0.5
100 10 10 0.5 0.5 MxAv 0.75
100 10 10 0.3 0.3 PRS 0.25
100 10 10 0.3 0.3 PRS 0.5
100 10 10 0.3 0.3 PRS 0.75
100 10 10 0.3 0.3 GS 0.25
100 10 10 0.3 0.3 GS 0.5
100 10 10 0.3 0.3 GS 0.75
100 10 10 0.3 0.3 MxAv 0.25
100 10 10 0.3 0.3 MxAv 0.5
100 10 10 0.3 0.3 MxAv 0.75
100 10 20 0.7 0.3 PRS 0.25
100 10 20 0.7 0.3 PRS 0.5
100 10 20 0.7 0.3 PRS 0.75
100 10 20 0.7 0.3 GS 0.25
100 10 20 0.7 0.3 GS 0.5
100 10 20 0.7 0.3 GS 0.75
100 10 20 0.7 0.3 MxAv 0.25
100 10 20 0.7 0.3 MxAv 0.5
100 10 20 0.7 0.3 MxAv 0.75
100 10 20 0.3 0.7 PRS 0.25
100 10 20 0.3 0.7 PRS 0.5
100 10 20 0.3 0.7 PRS 0.75
100 10 20 0.3 0.7 GS 0.25
100 10 20 0.3 0.7 GS 0.5
100 10 20 0.3 0.7 GS 0.75
100 10 20 0.3 0.7 MxAv 0.25
100 10 20 0.3 0.7 MxAv 0.5
100 10 20 0.3 0.7 MxAv 0.75
100 10 20 0.5 0.5 PRS 0.25
100 10 20 0.5 0.5 PRS 0.5
100 10 20 0.5 0.5 PRS 0.75
100 10 20 0.5 0.5 GS 0.25
100 10 20 0.5 0.5 GS 0.5
100 10 20 0.5 0.5 GS 0.75
100 10 20 0.5 0.5 MxAv 0.25
100 10 20 0.5 0.5 MxAv 0.5
100 10 20 0.5 0.5 MxAv 0.75
100 10 20 0.3 0.3 PRS 0.25
100 10 20 0.3 0.3 PRS 0.5
100 10 20 0.3 0.3 PRS 0.75
100 10 20 0.3 0.3 GS 0.25
100 10 20 0.3 0.3 GS 0.5
100 10 20 0.3 0.3 GS 0.75
100 10 20 0.3 0.3 MxAv 0.25
100 10 20 0.3 0.3 MxAv 0.5
100 10 20 0.3 0.3 MxAv 0.75
100 15 1 0.7 0.3 PRS 0.25
100 15 1 0.7 0.3 PRS 0.5
100 15 1 0.7 0.3 PRS 0.75
100 15 1 0.7 0.3 GS 0.25
100 15 1 0.7 0.3 GS 0.5
100 15 1 0.7 0.3 GS 0.75
100 15 1 0.7 0.3 MxAv 0.25
100 15 1 0.7 0.3 MxAv 0.5
100 15 1 0.7 0.3 MxAv 0.75
100 15 1 0.3 0.7 PRS 0.25
100 15 1 0.3 0.7 PRS 0.5
100 15 1 0.3 0.7 PRS 0.75
100 15 1 0.3 0.7 GS 0.25
100 15 1 0.3 0.7 GS 0.5
100 15 1 0.3 0.7 GS 0.75
100 15 1 0.3 0.7 MxAv 0.25
100 15 1 0.3 0.7 MxAv 0.5
100 15 1 0.3 0.7 MxAv 0.75
100 15 1 0.5 0.5 PRS 0.25
100 15 1 0.5 0.5 PRS 0.5
100 15 1 0.5 0.5 PRS 0.75
100 15 1 0.5 0.5 GS 0.25
100 15 1 0.5 0.5 GS 0.5
100 15 1 0.5 0.5 GS 0.75
100 15 1 0.5 0.5 MxAv 0.25
100 15 1 0.5 0.5 MxAv 0.5
100 15 1 0.5 0.5 MxAv 0.75
100 15 1 0.3 0.3 PRS 0.25
100 15 1 0.3 0.3 PRS 0.5
100 15 1 0.3 0.3 PRS 0.75
100 15 1 0.3 0.3 GS 0.25
100 15 1 0.3 0.3 GS 0.5
100 15 1 0.3 0.3 GS 0.75
100 15 1 0.3 0.3 MxAv 0.25
100 15 1 0.3 0.3 MxAv 0.5
100 15 1 0.3 0.3 MxAv 0.75
100 15 5 0.7 0.3 PRS 0.25
100 15 5 0.7 0.3 PRS 0.5
100 15 5 0.7 0.3 PRS 0.75
100 15 5 0.7 0.3 GS 0.25
100 15 5 0.7 0.3 GS 0.5
100 15 5 0.7 0.3 GS 0.75
100 15 5 0.7 0.3 MxAv 0.25
100 15 5 0.7 0.3 MxAv 0.5
100 15 5 0.7 0.3 MxAv 0.75
100 15 5 0.3 0.7 PRS 0.25
100 15 5 0.3 0.7 PRS 0.5
100 15 5 0.3 0.7 PRS 0.75
100 15 5 0.3 0.7 GS 0.25
100 15 5 0.3 0.7 GS 0.5
100 15 5 0.3 0.7 GS 0.75
100 15 5 0.3 0.7 MxAv 0.25
100 15 5 0.3 0.7 MxAv 0.5
100 15 5 0.3 0.7 MxAv 0.75
100 15 5 0.5 0.5 PRS 0.25
100 15 5 0.5 0.5 PRS 0.5
100 15 5 0.5 0.5 PRS 0.75
100 15 5 0.5 0.5 GS 0.25
100 15 5 0.5 0.5 GS 0.5
100 15 5 0.5 0.5 GS 0.75
100 15 5 0.5 0.5 MxAv 0.25
100 15 5 0.5 0.5 MxAv 0.5
100 15 5 0.5 0.5 MxAv 0.75
100 15 5 0.3 0.3 PRS 0.25
100 15 5 0.3 0.3 PRS 0.5
100 15 5 0.3 0.3 PRS 0.75
100 15 5 0.3 0.3 GS 0.25
100 15 5 0.3 0.3 GS 0.5
100 15 5 0.3 0.3 GS 0.75
100 15 5 0.3 0.3 MxAv 0.25
100 15 5 0.3 0.3 MxAv 0.5
100 15 5 0.3 0.3 MxAv 0.75
100 15 10 0.7 0.3 PRS 0.25
100 15 10 0.7 0.3 PRS 0.5
100 15 10 0.7 0.3 PRS 0.75
100 15 10 0.7 0.3 GS 0.25
100 15 10 0.7 0.3 GS 0.5
100 15 10 0.7 0.3 GS 0.75
100 15 10 0.7 0.3 MxAv 0.25
100 15 10 0.7 0.3 MxAv 0.5
100 15 10 0.7 0.3 MxAv 0.75
100 15 10 0.3 0.7 PRS 0.25
100 15 10 0.3 0.7 PRS 0.5
100 15 10 0.3 0.7 PRS 0.75
100 15 10 0.3 0.7 GS 0.25
100 15 10 0.3 0.7 GS 0.5
100 15 10 0.3 0.7 GS 0.75
100 15 10 0.3 0.7 MxAv 0.25
100 15 10 0.3 0.7 MxAv 0.5
100 15 10 0.3 0.7 MxAv 0.75
100 15 10 0.5 0.5 PRS 0.25
100 15 10 0.5 0.5 PRS 0.5
100 15 10 0.5 0.5 PRS 0.75
100 15 10 0.5 0.5 GS 0.25
100 15 10 0.5 0.5 GS 0.5
100 15 10 0.5 0.5 GS 0.75
100 15 10 0.5 0.5 MxAv 0.25
100 15 10 0.5 0.5 MxAv 0.5
100 15 10 0.5 0.5 MxAv 0.75
100 15 10 0.3 0.3 PRS 0.25
100 15 10 0.3 0.3 PRS 0.5
100 15 10 0.3 0.3 PRS 0.75
100 15 10 0.3 0.3 GS 0.25
100 15 10 0.3 0.3 GS 0.5
100 15 10 0.3 0.3 GS 0.75
100 15 10 0.3 0.3 MxAv 0.25
100 15 10 0.3 0.3 MxAv 0.5
100 15 10 0.3 0.3 MxAv 0.75
100 15 20 0.7 0.3 PRS 0.25
100 15 20 0.7 0.3 PRS 0.5
100 15 20 0.7 0.3 PRS 0.75
100 15 20 0.7 0.3 GS 0.25
100 15 20 0.7 0.3 GS 0.5
100 15 20 0.7 0.3 GS 0.75
100 15 20 0.7 0.3 MxAv 0.25
100 15 20 0.7 0.3 MxAv 0.5
100 15 20 0.7 0.3 MxAv 0.75
100 15 20 0.3 0.7 PRS 0.25
100 15 20 0.3 0.7 PRS 0.5
100 15 20 0.3 0.7 PRS 0.75
100 15 20 0.3 0.7 GS 0.25
100 15 20 0.3 0.7 GS 0.5
100 15 20 0.3 0.7 GS 0.75
100 15 20 0.3 0.7 MxAv 0.25
100 15 20 0.3 0.7 MxAv 0.5
100 15 20 0.3 0.7 MxAv 0.75
100 15 20 0.5 0.5 PRS 0.25
100 15 20 0.5 0.5 PRS 0.5
100 15 20 0.5 0.5 PRS 0.75
100 15 20 0.5 0.5 GS 0.25
100 15 20 0.5 0.5 GS 0.5
100 15 20 0.5 0.5 GS 0.75
100 15 20 0.5 0.5 MxAv 0.25
100 15 20 0.5 0.5 MxAv 0.5
100 15 20 0.5 0.5 MxAv 0.75
100 15 20 0.3 0.3 PRS 0.25
100 15 20 0.3 0.3 PRS 0.5
100 15 20 0.3 0.3 PRS 0.75
100 15 20 0.3 0.3 GS 0.25
100 15 20 0.3 0.3 GS 0.5
100 15 20 0.3 0.3 GS 0.75
100 15 20 0.3 0.3 MxAv 0.25
100 15 20 0.3 0.3 MxAv 0.5
100 15 20 0.3 0.3 MxAv 0.75
100 20 1 0.7 0.3 PRS 0.25
100 20 1 0.7 0.3 PRS 0.5
100 20 1 0.7 0.3 PRS 0.75
100 20 1 0.7 0.3 GS 0.25
100 20 1 0.7 0.3 GS 0.5
100 20 1 0.7 0.3 GS 0.75
100 20 1 0.7 0.3 MxAv 0.25
100 20 1 0.7 0.3 MxAv 0.5
100 20 1 0.7 0.3 MxAv 0.75
100 20 1 0.3 0.7 PRS 0.25
100 20 1 0.3 0.7 PRS 0.5
100 20 1 0.3 0.7 PRS 0.75
100 20 1 0.3 0.7 GS 0.25
100 20 1 0.3 0.7 GS 0.5
100 20 1 0.3 0.7 GS 0.75
100 20 1 0.3 0.7 MxAv 0.25
100 20 1 0.3 0.7 MxAv 0.5
100 20 1 0.3 0.7 MxAv 0.75
100 20 1 0.5 0.5 PRS 0.25
100 20 1 0.5 0.5 PRS 0.5
100 20 1 0.5 0.5 PRS 0.75
100 20 1 0.5 0.5 GS 0.25
100 20 1 0.5 0.5 GS 0.5
100 20 1 0.5 0.5 GS 0.75
100 20 1 0.5 0.5 MxAv 0.25
100 20 1 0.5 0.5 MxAv 0.5
100 20 1 0.5 0.5 MxAv 0.75
100 20 1 0.3 0.3 PRS 0.25
100 20 1 0.3 0.3 PRS 0.5
100 20 1 0.3 0.3 PRS 0.75
100 20 1 0.3 0.3 GS 0.25
100 20 1 0.3 0.3 GS 0.5
100 20 1 0.3 0.3 GS 0.75
100 20 1 0.3 0.3 MxAv 0.25
100 20 1 0.3 0.3 MxAv 0.5
100 20 1 0.3 0.3 MxAv 0.75
100 20 5 0.7 0.3 PRS 0.25
100 20 5 0.7 0.3 PRS 0.5
100 20 5 0.7 0.3 PRS 0.75
100 20 5 0.7 0.3 GS 0.25
100 20 5 0.7 0.3 GS 0.5
100 20 5 0.7 0.3 GS 0.75
100 20 5 0.7 0.3 MxAv 0.25
100 20 5 0.7 0.3 MxAv 0.5
100 20 5 0.7 0.3 MxAv 0.75
100 20 5 0.3 0.7 PRS 0.25
100 20 5 0.3 0.7 PRS 0.5
100 20 5 0.3 0.7 PRS 0.75
100 20 5 0.3 0.7 GS 0.25
100 20 5 0.3 0.7 GS 0.5
100 20 5 0.3 0.7 GS 0.75
100 20 5 0.3 0.7 MxAv 0.25
100 20 5 0.3 0.7 MxAv 0.5
100 20 5 0.3 0.7 MxAv 0.75
100 20 5 0.5 0.5 PRS 0.25
100 20 5 0.5 0.5 PRS 0.5
100 20 5 0.5 0.5 PRS 0.75
100 20 5 0.5 0.5 GS 0.25
100 20 5 0.5 0.5 GS 0.5
100 20 5 0.5 0.5 GS 0.75
100 20 5 0.5 0.5 MxAv 0.25
100 20 5 0.5 0.5 MxAv 0.5
100 20 5 0.5 0.5 MxAv 0.75
100 20 5 0.3 0.3 PRS 0.25
100 20 5 0.3 0.3 PRS 0.5
100 20 5 0.3 0.3 PRS 0.75
100 20 5 0.3 0.3 GS 0.25
100 20 5 0.3 0.3 GS 0.5
100 20 5 0.3 0.3 GS 0.75
100 20 5 0.3 0.3 MxAv 0.25
100 20 5 0.3 0.3 MxAv 0.5
100 20 5 0.3 0.3 MxAv 0.75
100 20 10 0.7 0.3 PRS 0.25
100 20 10 0.7 0.3 PRS 0.5
100 20 10 0.7 0.3 PRS 0.75
100 20 10 0.7 0.3 GS 0.25
100 20 10 0.7 0.3 GS 0.5
100 20 10 0.7 0.3 GS 0.75
100 20 10 0.7 0.3 MxAv 0.25
100 20 10 0.7 0.3 MxAv 0.5
100 20 10 0.7 0.3 MxAv 0.75
100 20 10 0.3 0.7 PRS 0.25
100 20 10 0.3 0.7 PRS 0.5
100 20 10 0.3 0.7 PRS 0.75
100 20 10 0.3 0.7 GS 0.25
100 20 10 0.3 0.7 GS 0.5
100 20 10 0.3 0.7 GS 0.75
100 20 10 0.3 0.7 MxAv 0.25
100 20 10 0.3 0.7 MxAv 0.5
100 20 10 0.3 0.7 MxAv 0.75
100 20 10 0.5 0.5 PRS 0.25
100 20 10 0.5 0.5 PRS 0.5
100 20 10 0.5 0.5 PRS 0.75
100 20 10 0.5 0.5 GS 0.25
100 20 10 0.5 0.5 GS 0.5
100 20 10 0.5 0.5 GS 0.75
100 20 10 0.5 0.5 MxAv 0.25
100 20 10 0.5 0.5 MxAv 0.5
100 20 10 0.5 0.5 MxAv 0.75
100 20 10 0.3 0.3 PRS 0.25
100 20 10 0.3 0.3 PRS 0.5
100 20 10 0.3 0.3 PRS 0.75
100 20 10 0.3 0.3 GS 0.25
100 20 10 0.3 0.3 GS 0.5
100 20 10 0.3 0.3 GS 0.75
100 20 10 0.3 0.3 MxAv 0.25
100 20 10 0.3 0.3 MxAv 0.5
100 20 10 0.3 0.3 MxAv 0.75
100 20 20 0.7 0.3 PRS 0.25
100 20 20 0.7 0.3 PRS 0.5
100 20 20 0.7 0.3 PRS 0.75
100 20 20 0.7 0.3 GS 0.25
100 20 20 0.7 0.3 GS 0.5
100 20 20 0.7 0.3 GS 0.75
100 20 20 0.7 0.3 MxAv 0.25
100 20 20 0.7 0.3 MxAv 0.5
100 20 20 0.7 0.3 MxAv 0.75
100 20 20 0.3 0.7 PRS 0.25
100 20 20 0.3 0.7 PRS 0.5
100 20 20 0.3 0.7 PRS 0.75
100 20 20 0.3 0.7 GS 0.25
100 20 20 0.3 0.7 GS 0.5
100 20 20 0.3 0.7 GS 0.75
100 20 20 0.3 0.7 MxAv 0.25
100 20 20 0.3 0.7 MxAv 0.5
100 20 20 0.3 0.7 MxAv 0.75
100 20 20 0.5 0.5 PRS 0.25
100 20 20 0.5 0.5 PRS 0.5
100 20 20 0.5 0.5 PRS 0.75
100 20 20 0.5 0.5 GS 0.25
100 20 20 0.5 0.5 GS 0.5
100 20 20 0.5 0.5 GS 0.75
100 20 20 0.5 0.5 MxAv 0.25
100 20 20 0.5 0.5 MxAv 0.5
100 20 20 0.5 0.5 MxAv 0.75
100 20 20 0.3 0.3 PRS 0.25
100 20 20 0.3 0.3 PRS 0.5
100 20 20 0.3 0.3 PRS 0.75
100 20 20 0.3 0.3 GS 0.25
100 20 20 0.3 0.3 GS 0.5
100 20 20 0.3 0.3 GS 0.75
100 20 20 0.3 0.3 MxAv 0.25
100 20 20 0.3 0.3 MxAv 0.5
100 20 20 0.3 0.3 MxAv 0.75
100 25 1 0.7 0.3 PRS 0.25
100 25 1 0.7 0.3 PRS 0.5
100 25 1 0.7 0.3 PRS 0.75
100 25 1 0.7 0.3 GS 0.25
100 25 1 0.7 0.3 GS 0.5
100 25 1 0.7 0.3 GS 0.75
100 25 1 0.7 0.3 MxAv 0.25
100 25 1 0.7 0.3 MxAv 0.5
100 25 1 0.7 0.3 MxAv 0.75
100 25 1 0.3 0.7 PRS 0.25
100 25 1 0.3 0.7 PRS 0.5
100 25 1 0.3 0.7 PRS 0.75
100 25 1 0.3 0.7 GS 0.25
100 25 1 0.3 0.7 GS 0.5
100 25 1 0.3 0.7 GS 0.75
100 25 1 0.3 0.7 MxAv 0.25
100 25 1 0.3 0.7 MxAv 0.5
100 25 1 0.3 0.7 MxAv 0.75
100 25 1 0.5 0.5 PRS 0.25
100 25 1 0.5 0.5 PRS 0.5
100 25 1 0.5 0.5 PRS 0.75
100 25 1 0.5 0.5 GS 0.25
100 25 1 0.5 0.5 GS 0.5
100 25 1 0.5 0.5 GS 0.75
100 25 1 0.5 0.5 MxAv 0.25
100 25 1 0.5 0.5 MxAv 0.5
100 25 1 0.5 0.5 MxAv 0.75
100 25 1 0.3 0.3 PRS 0.25
100 25 1 0.3 0.3 PRS 0.5
100 25 1 0.3 0.3 PRS 0.75
100 25 1 0.3 0.3 GS 0.25
100 25 1 0.3 0.3 GS 0.5
100 25 1 0.3 0.3 GS 0.75
100 25 1 0.3 0.3 MxAv 0.25
100 25 1 0.3 0.3 MxAv 0.5
100 25 1 0.3 0.3 MxAv 0.75
100 25 5 0.7 0.3 PRS 0.25
100 25 5 0.7 0.3 PRS 0.5
100 25 5 0.7 0.3 PRS 0.75
100 25 5 0.7 0.3 GS 0.25
100 25 5 0.7 0.3 GS 0.5
100 25 5 0.7 0.3 GS 0.75
100 25 5 0.7 0.3 MxAv 0.25
100 25 5 0.7 0.3 MxAv 0.5
100 25 5 0.7 0.3 MxAv 0.75
100 25 5 0.3 0.7 PRS 0.25
100 25 5 0.3 0.7 PRS 0.5
100 25 5 0.3 0.7 PRS 0.75
100 25 5 0.3 0.7 GS 0.25
100 25 5 0.3 0.7 GS 0.5
100 25 5 0.3 0.7 GS 0.75
100 25 5 0.3 0.7 MxAv 0.25
100 25 5 0.3 0.7 MxAv 0.5
100 25 5 0.3 0.7 MxAv 0.75
100 25 5 0.5 0.5 PRS 0.25
100 25 5 0.5 0.5 PRS 0.5
100 25 5 0.5 0.5 PRS 0.75
100 25 5 0.5 0.5 GS 0.25
100 25 5 0.5 0.5 GS 0.5
100 25 5 0.5 0.5 GS 0.75
100 25 5 0.5 0.5 MxAv 0.25
100 25 5 0.5 0.5 MxAv 0.5
100 25 5 0.5 0.5 MxAv 0.75
100 25 5 0.3 0.3 PRS 0.25
100 25 5 0.3 0.3 PRS 0.5
100 25 5 0.3 0.3 PRS 0.75
100 25 5 0.3 0.3 GS 0.25
100 25 5 0.3 0.3 GS 0.5
100 25 5 0.3 0.3 GS 0.75
100 25 5 0.3 0.3 MxAv 0.25
100 25 5 0.3 0.3 MxAv 0.5
100 25 5 0.3 0.3 MxAv 0.75
100 25 10 0.7 0.3 PRS 0.25
100 25 10 0.7 0.3 PRS 0.5
100 25 10 0.7 0.3 PRS 0.75
100 25 10 0.7 0.3 GS 0.25
100 25 10 0.7 0.3 GS 0.5
100 25 10 0.7 0.3 GS 0.75
100 25 10 0.7 0.3 MxAv 0.25
100 25 10 0.7 0.3 MxAv 0.5
100 25 10 0.7 0.3 MxAv 0.75
100 25 10 0.3 0.7 PRS 0.25
100 25 10 0.3 0.7 PRS 0.5
100 25 10 0.3 0.7 PRS 0.75
100 25 10 0.3 0.7 GS 0.25
100 25 10 0.3 0.7 GS 0.5
100 25 10 0.3 0.7 GS 0.75
100 25 10 0.3 0.7 MxAv 0.25
100 25 10 0.3 0.7 MxAv 0.5
100 25 10 0.3 0.7 MxAv 0.75
100 25 10 0.5 0.5 PRS 0.25
100 25 10 0.5 0.5 PRS 0.5
100 25 10 0.5 0.5 PRS 0.75
100 25 10 0.5 0.5 GS 0.25
100 25 10 0.5 0.5 GS 0.5
100 25 10 0.5 0.5 GS 0.75
100 25 10 0.5 0.5 MxAv 0.25
100 25 10 0.5 0.5 MxAv 0.5
100 25 10 0.5 0.5 MxAv 0.75
100 25 10 0.3 0.3 PRS 0.25
100 25 10 0.3 0.3 PRS 0.5
100 25 10 0.3 0.3 PRS 0.75
100 25 10 0.3 0.3 GS 0.25
100 25 10 0.3 0.3 GS 0.5
100 25 10 0.3 0.3 GS 0.75
100 25 10 0.3 0.3 MxAv 0.25
100 25 10 0.3 0.3 MxAv 0.5
100 25 10 0.3 0.3 MxAv 0.75
100 25 20 0.7 0.3 PRS 0.25
100 25 20 0.7 0.3 PRS 0.5
100 25 20 0.7 0.3 PRS 0.75
100 25 20 0.7 0.3 GS 0.25
100 25 20 0.7 0.3 GS 0.5
100 25 20 0.7 0.3 GS 0.75
100 25 20 0.7 0.3 MxAv 0.25
100 25 20 0.7 0.3 MxAv 0.5
100 25 20 0.7 0.3 MxAv 0.75
100 25 20 0.3 0.7 PRS 0.25
100 25 20 0.3 0.7 PRS 0.5
100 25 20 0.3 0.7 PRS 0.75
100 25 20 0.3 0.7 GS 0.25
100 25 20 0.3 0.7 GS 0.5
100 25 20 0.3 0.7 GS 0.75
100 25 20 0.3 0.7 MxAv 0.25
100 25 20 0.3 0.7 MxAv 0.5
100 25 20 0.3 0.7 MxAv 0.75
100 25 20 0.5 0.5 PRS 0.25
100 25 20 0.5 0.5 PRS 0.5
100 25 20 0.5 0.5 PRS 0.75
100 25 20 0.5 0.5 GS 0.25
100 25 20 0.5 0.5 GS 0.5
100 25 20 0.5 0.5 GS 0.75
100 25 20 0.5 0.5 MxAv 0.25
100 25 20 0.5 0.5 MxAv 0.5
100 25 20 0.5 0.5 MxAv 0.75
100 25 20 0.3 0.3 PRS 0.25
100 25 20 0.3 0.3 PRS 0.5
100 25 20 0.3 0.3 PRS 0.75
100 25 20 0.3 0.3 GS 0.25
100 25 20 0.3 0.3 GS 0.5
100 25 20 0.3 0.3 GS 0.75
100 25 20 0.3 0.3 MxAv 0.25
100 25 20 0.3 0.3 MxAv 0.5
100 25 20 0.3 0.3 MxAv 0.75
